$ 1 0.000005 10.20027730826997 50 5 50 5e-11
g 656 512 656 544 0 0
r 1024 512 1088 512 0 100000
409 1056 448 1168 448 3 0.6 -12.025297046334654 0.023100000000000002 0
v 912 544 912 592 0 0 40 -12 0 0 0.5
v 912 400 912 320 0 0 40 12 0 0 0.5
w 656 512 832 512 0
w 912 464 912 432 0
w 912 464 912 512 0
w 1104 480 1104 592 0
w 1104 416 1104 288 0
w 1104 288 912 288 0
w 912 288 912 320 0
w 1104 592 1104 608 0
w 1104 608 912 608 0
w 912 608 912 592 0
w 1088 608 1104 608 0
w 1088 512 1168 512 0
w 1168 512 1168 448 0
r 944 512 1024 512 0 100000
w 1024 464 1056 464 0
w 1024 512 1024 464 0
w 1056 432 944 432 0
w 912 400 912 432 0
v 576 512 576 448 0 0 40 0 0 0 0.5
w 576 512 656 512 0
w 832 512 912 512 0
v 544 512 544 432 0 1 40 2.275 2.5 0 0.5
368 1168 448 1168 416 0 0
368 560 368 496 368 0 0
w 544 512 576 512 0
w 912 512 912 544 0
s 560 368 720 368 0 0 false
S 560 368 560 432 0 1 false 0 2
w 576 448 576 432 0
x 437 410 540 413 4 12 input\sAC/DC\sswitch
x 524 630 697 633 4 12 Input\s0-5V\s(from\sAS3310\soutput)
x 522 648 613 651 4 12 Output\s0\sto\s\p10V
x 498 615 647 618 4 24 Requirements
O 1168 448 1200 448 0 0
w 944 432 720 432 0
w 720 432 720 368 0
w 912 512 944 512 0
o 38 64 0 4098 24 0.0001 0 3 40 0 40 3
38 23 F1 0 0 5 -1 DCVoltage
38 26 F1 0 0 2.5 -1 Max\sAC\sVoltage
