$ 1 0.000005 10.20027730826997 50 5 50 5e-11
v 512 640 512 560 0 1 40 10 0 0 0.5
g 512 640 512 672 0 0
r 880 640 944 640 0 100000
r 800 640 880 640 0 100000
409 912 576 1024 576 3 0.6 -11.381497327707587 0.023100000000000002 0
v 768 640 768 720 0 0 40 -12 0 0 0.5
v 768 528 768 448 0 0 40 12 0 0 0.5
w 512 640 720 640 0
w 768 592 768 528 0
w 768 592 768 640 0
w 960 608 960 720 0
w 960 544 960 416 0
w 960 416 768 416 0
w 768 416 768 448 0
w 960 720 960 736 0
w 960 736 768 736 0
w 768 736 768 720 0
w 944 736 960 736 0
w 1024 576 1024 640 0
w 1024 640 944 640 0
w 880 640 880 592 0
w 880 560 912 560 0
w 880 592 912 592 0
r 576 560 640 560 0 1000
r 720 640 720 576 0 10000
r 720 544 720 480 0 4700
w 720 640 768 640 0
w 768 640 800 640 0
w 720 560 720 576 0
w 704 560 720 560 0
s 720 480 720 416 0 1 false
w 768 416 720 416 0
w 720 560 880 560 0
O 1024 576 1072 576 0 0
368 512 560 416 560 0 0
d 640 560 704 560 2 default
w 720 560 720 544 0
x 583 452 692 455 4 12 Gate\sManual\sTrigger
s 512 560 576 560 0 1 false
x 468 536 562 539 4 12 Audio\sJack\sIn/Out
o 33 64 0 4098 20 0.1 0 5 34 0 34 3 32 0 32 3
