$ 1 0.000005 10.20027730826997 50 5 50 5e-11
g 512 640 512 672 0 0
r 880 640 944 640 0 100000
409 912 576 1024 576 3 0.6 -11.09159203179622 0.023100000000000002 0
v 768 672 768 720 0 0 40 -12 0 0 0.5
v 768 528 768 448 0 0 40 12 0 0 0.5
w 512 640 688 640 0
w 768 592 768 560 0
w 768 592 768 640 0
w 960 608 960 720 0
w 960 544 960 416 0
w 960 416 768 416 0
w 768 416 768 448 0
w 960 720 960 736 0
w 960 736 768 736 0
w 768 736 768 720 0
w 944 736 960 736 0
O 1312 560 1360 560 0 0
w 944 640 1024 640 0
w 1024 640 1024 576 0
r 800 640 880 640 0 200000
w 880 592 912 592 0
w 880 640 880 592 0
r 592 672 640 672 0 1000
d 640 672 704 672 2 default
w 704 672 800 672 0
w 912 560 768 560 0
w 768 528 768 560 0
174 688 464 656 528 1 10000 0.9950000000000001 Control Por Resistance
r 688 464 688 416 0 1500
w 688 416 768 416 0
w 576 496 656 496 0
v 432 640 432 576 0 0 40 0 0 0 0.5
w 432 640 512 640 0
w 688 640 768 640 0
v 400 560 400 640 0 1 40 12 0 0 0.5
368 1024 576 1024 544 0 0
w 576 496 576 672 0
w 576 672 592 672 0
w 688 576 688 528 0
w 656 640 688 640 0
368 416 496 352 496 0 0
w 400 640 432 640 0
w 768 640 768 672 0
w 800 672 800 640 0
r 688 576 688 640 0 680
s 416 496 576 496 0 1 false
S 416 496 416 560 0 1 false 0 2
w 432 576 432 560 0
x 445 484 536 487 4 12 Audio\sJack\sin/out
x 293 538 396 541 4 12 input\sAC/DC\sswitch
x 597 469 657 472 4 12 Control\sPot
x 380 758 566 761 4 12 Input\s\p/-\s12V,\sNegative\sis\sclamped.
x 378 776 462 779 4 12 Output\s0\sto\s\p5V
x 377 796 526 799 4 12 Pot\sneeds\sto\shave\sfull\srange
x 377 813 562 816 4 12 Pot\sshouldn't\sinterfere\sw/\sjack\sinput
x 375 829 555 832 4 12 Pot\sextremes\scan't\sresult\sin\sshorts
x 354 743 503 746 4 24 Requirements
409 1184 560 1296 560 3 0.6 -11.66087620895121 0.023100000000000002 0
r 1152 640 1216 640 0 100000
r 1072 640 1136 640 0 100000
w 1024 640 1072 640 0
w 1136 640 1152 640 0
w 1152 640 1152 576 0
w 1152 576 1184 576 0
w 1216 640 1296 640 0
w 1296 640 1296 560 0
w 1296 560 1312 560 0
w 1232 592 1232 736 0
w 1232 736 960 736 0
w 960 416 1232 416 0
w 1232 416 1232 528 0
g 1120 544 1120 576 0 0
368 1296 560 1296 512 0 0
w 1120 544 1184 544 0
x 643 614 673 617 4 24 R1
x 747 816 1384 819 4 16 R1\sis\slimiting\show\slow\sthe\soutput\scan\sget,\scan't\smake\sit\ssmaller\sand\suse\s1/4\swatt\s(for\s12\sV).
o 16 64 0 4098 6 0.0001 0 3 36 0 36 3
38 31 F1 0 -12 12 -1 DCVoltage
38 34 F1 0 0 12 -1 Max\sAC\sVoltage
